[General]
ColorScheme=GruvboxColors
Name=GruvboxColors
shadeSortColumn=true

[ColorEffects%3ADisabled]
Color=56, 56, 56
ColorAmount=0
ColorEffect=0
ContrastAmount=0.65000000000000002
ContrastEffect=1
IntensityAmount=0.10000000000000001
IntensityEffect=2

[ColorEffects%3AInactive]
ChangeSelectionColor=true
Color=112, 111, 110
ColorAmount=0.025000000000000001
ColorEffect=2
ContrastAmount=0.10000000000000001
ContrastEffect=2
Enable=true
IntensityAmount=0
IntensityEffect=0

[ColorScheme]
active_colors=#ffeeeeec, #ff373737, #ff515151, #ff444444, #ff1e1e1e, #ff2a2a2a, #ffeeeeec, #ffffffff, #ffeeeeec, #ff2d2d2d, #ff353535, #19000000, #ff15539e, #ffffffff, #ff3584e4, #ff1b6acb, #ff2d2d2d, #ff000000, #b2262626, #ffffffff, #ffeeeeec
disabled_colors=#ff919190, #ff323232, #ff515151, #ff444444, #ff1e1e1e, #ff2a2a2a, #ff919190, #ffffffff, #ff919190, #ff2d2d2d, #ff323232, #19000000, #ff15539e, #ffffffff, #ff3584e4, #ff1b6acb, #ff2d2d2d, #ff000000, #b2262626, #ffffffff, #ff919190
inactive_colors=#ff919190, #ff353535, #ff515151, #ff444444, #ff1e1e1e, #ff2a2a2a, #ff919190, #ffd6d6d6, #ff919190, #ff303030, #ff353535, #19000000, #ff15539e, #ffffffff, #ff3584e4, #ff1b6acb, #ff303030, #ff000000, #b2262626, #ffffffff, #ff919190

[Colors%3AButton]
BackgroundAlternate=60, 56, 54
BackgroundNormal=40, 40, 40
DecorationFocus=104, 157, 106
DecorationHover=131, 165, 152
ForegroundActive=142, 192, 124
ForegroundInactive=55, 115, 117
ForegroundLink=184, 187, 38
ForegroundNegative=218, 68, 83
ForegroundNeutral=246, 116, 0
ForegroundNormal=235, 219, 178
ForegroundPositive=39, 174, 96
ForegroundVisited=127, 140, 141

[Colors%3ASelection]
BackgroundAlternate=142, 192, 124
BackgroundNormal=104, 157, 106
DecorationFocus=104, 157, 106
DecorationHover=131, 165, 152
ForegroundActive=252, 252, 252
ForegroundInactive=235, 219, 178
ForegroundLink=253, 188, 75
ForegroundNegative=218, 68, 83
ForegroundNeutral=246, 116, 0
ForegroundNormal=235, 219, 178
ForegroundPositive=39, 174, 96
ForegroundVisited=189, 195, 199

[Colors%3ATooltip]
BackgroundAlternate=60, 56, 54
BackgroundNormal=40, 40, 40
DecorationFocus=104, 157, 106
DecorationHover=131, 165, 152
ForegroundActive=184, 187, 38
ForegroundInactive=55, 115, 117
ForegroundLink=142, 192, 124
ForegroundNegative=218, 68, 83
ForegroundNeutral=246, 116, 0
ForegroundNormal=235, 219, 178
ForegroundPositive=39, 174, 96
ForegroundVisited=127, 140, 141

[Colors%3AView]
BackgroundAlternate=60, 56, 54
BackgroundNormal=40, 40, 40
DecorationFocus=104, 157, 106
DecorationHover=131, 165, 152
ForegroundActive=184, 187, 38
ForegroundInactive=55, 115, 117
ForegroundLink=142, 192, 124
ForegroundNegative=218, 68, 83
ForegroundNeutral=246, 116, 0
ForegroundNormal=235, 219, 178
ForegroundPositive=39, 174, 96
ForegroundVisited=127, 140, 141

[Colors%3AWindow]
BackgroundAlternate=60, 56, 54
BackgroundNormal=40, 40, 40
DecorationFocus=104, 157, 106
DecorationHover=131, 165, 152
ForegroundActive=184, 187, 38
ForegroundInactive=55, 115, 117
ForegroundLink=142, 192, 124
ForegroundNegative=218, 68, 83
ForegroundNeutral=246, 116, 0
ForegroundNormal=235, 219, 178
ForegroundPositive=39, 174, 96
ForegroundVisited=127, 140, 141

[KDE]
contrast=4

[WM]
activeBackground=39, 39, 39
activeBlend=235, 219, 178
activeForeground=235, 219, 178
inactiveBackground=40, 40, 40
inactiveBlend=60, 56, 54
inactiveForeground=204, 190, 155
